%YAML:1.0
---
world2cam: !!opencv-matrix
   rows: 3
   cols: 3
   dt: d
   data: [ -1.5385029455324266e+03, 9.7877742952433459e+02,
       -2.6677719391814293e+02, -8.2581343458493598e+02,
       4.1076890744410139e+00, -4.4206079772031217e+02,
       -2.4478496236543239e+00, -2.6879077788378797e-02,
       -4.2793783520365952e-01 ]
cam2world: !!opencv-matrix
   rows: 3
   cols: 3
   dt: d
   data: [ -1.8797807618880731e-05, 5.8712268558140050e-04,
       -5.9478053923017837e-01, 1.0042499413143577e-03,
       7.3773919119564813e-06, -6.3367203080079515e-01,
       4.4447796967491557e-05, -3.3588671629054688e-03,
       1.1052208989528436e+00 ]
