%YAML:1.0
---
world2cam: !!opencv-matrix
   rows: 3
   cols: 3
   dt: d
   data: [ -9.6418185080334968e+02, 6.9904705800634099e+02,
       -2.2033892757670156e+02, -4.2042289513804309e+02,
       2.7303453600329149e+01, -2.9879529655393770e+02,
       -1.5356465342890731e+00, 4.5289844660615121e-02,
       -3.3352656513883766e-01 ]
cam2world: !!opencv-matrix
   rows: 3
   cols: 3
   dt: d
   data: [ 2.0738176971936302e-05, 1.0456866798707705e-03,
       -9.5049606965015521e-01, 1.4929249760419739e-03,
       -7.8635365065974055e-05, -9.1582993043416150e-01,
       1.0724132467702226e-04, -4.8253023224537790e-03,
       1.2537178253092911e+00 ]
