%YAML:1.0
---
world2cam: !!opencv-matrix
   rows: 3
   cols: 3
   dt: d
   data: [ -9.4534015448787204e+02, 6.9392185982814874e+02,
       -2.4524771730567335e+02, -3.5368777117073648e+02,
       2.4620924354282568e+01, -2.9610437597185245e+02,
       -1.5158471513894305e+00, 8.8732060677342451e-03,
       -3.8854475934822585e-01 ]
cam2world: !!opencv-matrix
   rows: 3
   cols: 3
   dt: d
   data: [ -3.2382379869113720e-05, 1.2480961418907480e-03,
       -9.3071651541569689e-01, 1.4533491997670424e-03,
       -2.0772192538973978e-05, -9.0151733655901012e-01,
       1.5952500638971524e-04, -4.8697280088504311e-03,
       1.0367521883933946e+00 ]
